image_width: 1440
image_height: 1080
camera_name: narrow_stereo
camera_matrix:
  rows: 3
  cols: 3
  data: [3573.39545,    0.     ,  740.09907,
            0.     , 3577.73843,  544.94431,
            0.     ,    0.     ,    1.     ]
distortion_model: plumb_bob
distortion_coefficients:
  rows: 1
  cols: 5
  data: [-0.009072, -0.029949, 0.000809, 0.002151, 0.000000]
rectification_matrix:
  rows: 3
  cols: 3
  data: [1., 0., 0.,
         0., 1., 0.,
         0., 0., 1.]
projection_matrix:
  rows: 3
  cols: 4
  data: [3569.5769 ,    0.     ,  740.60815,    0.     ,
            0.     , 3575.18237,  544.72808,    0.     ,
            0.     ,    0.     ,    1.     ,    0.     ]